3.903380840687609066e+01 9.452387316253472704e+01 4.463362614991143005e+02
3.931661536871865081e+01 9.462876524545490042e+01 4.452628487377541546e+02
3.951049713674045449e+01 9.436230078729835213e+01 4.462682619427064878e+02
4.003446761643461116e+01 9.455474120537623151e+01 4.456720749971429996e+02
3.964872742744860545e+01 9.422808688284364109e+01 4.469984575055866003e+02
3.997348316674743529e+01 9.405733667272696152e+01 4.470433263298529027e+02
4.063056822352825037e+01 9.386848952123227718e+01 4.470990982209763160e+02
4.096077727349651809e+01 9.389784242698823391e+01 4.473527320033334149e+02
4.130271469066173751e+01 9.354673686657315557e+01 4.481694817701414308e+02
4.164163700586390604e+01 9.359898474122933010e+01 4.480949216886834847e+02
4.160571066393446671e+01 9.346472562847769439e+01 4.484016641882997192e+02
4.163990138304395572e+01 9.339398514370839166e+01 4.484016727854563555e+02
4.190361944621999157e+01 9.307973308094739195e+01 4.489901466686982872e+02
4.219037100484984393e+01 9.289387745610868308e+01 4.493318179583658889e+02
4.203563489311408574e+01 9.295870801350952206e+01 4.494367043412747762e+02
4.243797857013001362e+01 9.275361951347220213e+01 4.496969874087521362e+02
4.298317379819430784e+01 9.252271248002799098e+01 4.501207645158775676e+02
4.372323397190656635e+01 9.228647232751087870e+01 4.510860453320360079e+02
4.451417399551124987e+01 9.212543916979461756e+01 4.508492612369329890e+02
4.515793981765069276e+01 9.189364649370730831e+01 4.511934980660960832e+02
4.573883888104192152e+01 9.162997026732912786e+01 4.524962911626067239e+02
4.666905387283205187e+01 9.136217989424319796e+01 4.531054928864721774e+02
4.742773251977089899e+01 9.153914577817366194e+01 4.522498608908650795e+02
4.784209254813240619e+01 9.104423864080479234e+01 4.534094367114145143e+02
4.955501897138582734e+01 9.167001449284768455e+01 4.513486117998027112e+02
5.086404648519366134e+01 9.097815996999193544e+01 4.533869053865113870e+02
5.171657594654763557e+01 9.093099600667548543e+01 4.538671442383792396e+02
5.294663142748656526e+01 9.111371818879499074e+01 4.533305194362737325e+02
5.437084734985937473e+01 9.059174536800296096e+01 4.551408692774133442e+02
5.542193917656561553e+01 9.105219931470286099e+01 4.537600007341461605e+02
5.696025465434103552e+01 9.076389577085663518e+01 4.550534243265891519e+02
5.807295123299542183e+01 9.090120915909437826e+01 4.542465973732362272e+02
5.949269638947471606e+01 9.122741093773817056e+01 4.534958565321629180e+02
6.083379594162120441e+01 9.067892067131862177e+01 4.555834777993258058e+02
6.190677628749475758e+01 9.103880613047294901e+01 4.544274963343839886e+02
6.355980320990187948e+01 9.149040869114821817e+01 4.536928793529818904e+02
6.432285536477208154e+01 9.153911561642199501e+01 4.531943539973074166e+02
6.701271030209028368e+01 9.144652263315857965e+01 4.552049314778873850e+02
6.776088965670651021e+01 9.156636217544468082e+01 4.535604235337254408e+02
6.931510904235145176e+01 9.164537989405327778e+01 4.544377652719758771e+02
7.063461343924649327e+01 9.191333640210945077e+01 4.543064486305713672e+02
7.154014859674867921e+01 9.228341082582412014e+01 4.532070196938357753e+02
7.415389178598071851e+01 9.244118934038078805e+01 4.540677624163930659e+02
7.392593251385729047e+01 9.306634430372818656e+01 4.518120154930862782e+02
7.615840389504832331e+01 9.323576944577135350e+01 4.523215413905871856e+02
7.720348249793384809e+01 9.355612861178859418e+01 4.515896882798192564e+02
7.761799926102804648e+01 9.450066927633601210e+01 4.497494386371656105e+02
7.857841927654611425e+01 9.502528613005132740e+01 4.486916996778804219e+02
7.956942788582892945e+01 9.552214412570067736e+01 4.483086356545246645e+02
8.048387896595002644e+01 9.619880011208813642e+01 4.466441065340577552e+02
8.104771163903296838e+01 9.655145555365724874e+01 4.463678668098812068e+02
8.206024468916399428e+01 9.747019179929554866e+01 4.445424378359422235e+02
8.311685555848751505e+01 9.782908059950591451e+01 4.440799979458926714e+02
8.308467493348739197e+01 9.932059833432197138e+01 4.409697969397228121e+02
8.381784311804518950e+01 9.989440177199850268e+01 4.396773508785578315e+02
8.454972860316688354e+01 1.011845883841990172e+02 4.375940446101918724e+02
8.543379486273011025e+01 1.023621378048987509e+02 4.352131182717892557e+02
8.659287324211743453e+01 1.032829106597845055e+02 4.335577650732361121e+02
8.726986153448672212e+01 1.047221451904395337e+02 4.308386972973584079e+02
8.854406302317138966e+01 1.057539323831878306e+02 4.284162369170056195e+02
8.965893584461004195e+01 1.070557499770720966e+02 4.262788344672459289e+02
9.026015567141544693e+01 1.081740987428065637e+02 4.239010030460907501e+02
9.083162010066109815e+01 1.092571443809385840e+02 4.217894443450148287e+02
9.167247632117543787e+01 1.101993948072512666e+02 4.193808196005617219e+02
9.123663912452833813e+01 1.120205854876573994e+02 4.156189752418756029e+02
9.115911564724585503e+01 1.132846043611094871e+02 4.130499888216447175e+02
9.231504715643519887e+01 1.144189504758557803e+02 4.105663786381734326e+02
9.125171602771631285e+01 1.159273709759530817e+02 4.074018100916339336e+02
9.111114516522083306e+01 1.170514267325846731e+02 4.053888258803870031e+02
9.109973154969736697e+01 1.184696681608646998e+02 4.022050559161513661e+02
9.088832421180266863e+01 1.193148157731670835e+02 4.004287724749292465e+02
8.990200137897681998e+01 1.205709463299603499e+02 3.985258955543929460e+02
8.895787605508752449e+01 1.217106973113743322e+02 3.957812302818069838e+02
8.778043196273834781e+01 1.230839213918213346e+02 3.928480490930797373e+02
8.595363400276583832e+01 1.242392437501680575e+02 3.900479853496404985e+02
8.367703950587419115e+01 1.253156256458467510e+02 3.878546632484514021e+02
8.123171950264384122e+01 1.260210683663371043e+02 3.862515334074826114e+02
7.887461567552909969e+01 1.270389954547983820e+02 3.834636008971447723e+02
7.632617992125909723e+01 1.273042214693161469e+02 3.828835522920009566e+02
7.352246649129354239e+01 1.279403541652607288e+02 3.812522119561307932e+02
7.006193542162469612e+01 1.285147666502795403e+02 3.789249800824155727e+02
6.678933346541086280e+01 1.289005756444816768e+02 3.784890164990955554e+02
6.425592940668167330e+01 1.288551772507524333e+02 3.794519824263272199e+02
6.053097077478608412e+01 1.294884046237986581e+02 3.766965696593227904e+02
5.676241237071193524e+01 1.297464797088639443e+02 3.751402508633835282e+02
5.368815693022533964e+01 1.296342482069196649e+02 3.763130230573422068e+02
5.031311816261674608e+01 1.293612894080101512e+02 3.764316910975873611e+02
4.665940426260057450e+01 1.298578966682540567e+02 3.755966444809575933e+02
4.170374479636900134e+01 1.299336226164691652e+02 3.755379467500384862e+02
3.865151149604782432e+01 1.298140474903501911e+02 3.755015002737506506e+02
3.317681279636305192e+01 1.296419747028522238e+02 3.746268614510867110e+02
2.897885283665437939e+01 1.296135497608407832e+02 3.752003231019603504e+02
2.448720547947415938e+01 1.298669034117641274e+02 3.737397917104006524e+02
1.976795782154380277e+01 1.296348984929686878e+02 3.737994193952749811e+02
1.522754149652228328e+01 1.291369386898990967e+02 3.745487583545297525e+02
1.117283905962346857e+01 1.290923281086868144e+02 3.742969235116117375e+02
7.403229324802921951e+00 1.290565023352436924e+02 3.741497919273139701e+02
3.608630634149159633e+00 1.291340587661653956e+02 3.735188160478689952e+02
1.025146270198503018e+00 1.291393841965599734e+02 3.739359692166732430e+02
-1.855606462858176542e+00 1.290732245395320206e+02 3.731825194345421437e+02
-4.240400188105216905e+00 1.291558426068882000e+02 3.725562111624062140e+02
-6.403196949867818510e+00 1.293602784745479255e+02 3.722262169200317885e+02
-7.920897670395189216e+00 1.297403629954242490e+02 3.713521413776587110e+02
-1.092716696573858570e+01 1.298713657150023835e+02 3.705397903342729364e+02
-1.340212899432714266e+01 1.303049621956378985e+02 3.694774945447071559e+02
-1.609257536971229996e+01 1.304894162700045968e+02 3.688635886047122199e+02
-1.842645911974494410e+01 1.310831540739338834e+02 3.676746026946989332e+02
-2.095678203105524418e+01 1.317127219007770975e+02 3.663361413336166947e+02
-2.380963729907566773e+01 1.317419459153564958e+02 3.658647391044181063e+02
-2.722924388897840942e+01 1.317537526028097545e+02 3.655765634860685509e+02
-3.078010477043143567e+01 1.318866274125653035e+02 3.651214759633954827e+02
-3.368121579065717697e+01 1.317652554137682728e+02 3.649111179918563153e+02
-3.653376613195097633e+01 1.314517232804610103e+02 3.654988035160118329e+02
-3.877922255183786859e+01 1.310330293850011856e+02 3.660887298028504802e+02
-4.125124904441301510e+01 1.303340300415850663e+02 3.671902385339283796e+02
-4.269142559931548675e+01 1.296301043463708709e+02 3.681180746793592107e+02
-4.397463355524460837e+01 1.290007281835830781e+02 3.697139753818466374e+02
-4.488909169775565999e+01 1.283048186794663650e+02 3.708247044250774138e+02
-4.645460453539344314e+01 1.274822780020625146e+02 3.727721157737094018e+02
-4.831181782076389197e+01 1.267098227507833883e+02 3.735031402359778667e+02
-5.018150697284084316e+01 1.260968824468947247e+02 3.747432217741271074e+02
-5.168539837431565331e+01 1.250105997463170695e+02 3.772760947027385328e+02
-5.275981381911370249e+01 1.242283650137235611e+02 3.784386438272981650e+02
-5.315329130534200885e+01 1.235864613735325293e+02 3.798033847428060881e+02
-5.335282510182501881e+01 1.227541942310824510e+02 3.814619516864134994e+02
-5.373844666199384790e+01 1.214189105556990000e+02 3.840145561768863445e+02
-5.389515082286671088e+01 1.207708515430726379e+02 3.853312805130793208e+02
-5.449530690093840946e+01 1.195761704700603758e+02 3.875496636595143514e+02
-5.519048713067060419e+01 1.185368222666042470e+02 3.898725390860735729e+02
-5.578251595527552809e+01 1.174814294211906684e+02 3.918656724842020935e+02
-5.652453040765428227e+01 1.165725411296114657e+02 3.936063176026066230e+02
-5.674560134291176894e+01 1.155558245915636348e+02 3.954848754117432463e+02
-5.714130686974758788e+01 1.144785646206114507e+02 3.977561174747061159e+02
-5.741634299797338770e+01 1.132792113914682091e+02 3.998995771390960385e+02
-5.797547670080235349e+01 1.119256875405745149e+02 4.024169809256002850e+02
-5.887952951727379514e+01 1.109942185802437677e+02 4.044273502231677071e+02
-5.954767100467817897e+01 1.099593858845489507e+02 4.065962769523590055e+02
-5.905076476351724324e+01 1.095006401360927839e+02 4.072721212499224634e+02
-5.920211315015839659e+01 1.088691139442533711e+02 4.086620551256745557e+02
-6.002625657757101152e+01 1.079543507725824725e+02 4.106516968522022921e+02
-6.036454566988703618e+01 1.073556031569595319e+02 4.120027619924788951e+02
-6.017783795083234111e+01 1.068084201841230083e+02 4.128250311815988880e+02
-6.085449732160259373e+01 1.062656898055903270e+02 4.137722481179285978e+02
-6.160316628604873301e+01 1.053967031134549330e+02 4.156380025217296748e+02
-6.162132309134074148e+01 1.049147528732120804e+02 4.161364461539294552e+02
-6.179993575710697939e+01 1.041275642579612111e+02 4.179222232282744471e+02
-6.193204876249336621e+01 1.036125800816263336e+02 4.190853473298635095e+02
-6.175830310888881769e+01 1.029015323051655457e+02 4.202029848322910652e+02
-6.163340001233688525e+01 1.023735659511935552e+02 4.214166864716434588e+02
-6.118155245378312657e+01 1.017375537906822842e+02 4.223639668982872308e+02
-6.114407490459301897e+01 1.012060526756243348e+02 4.238441910046141743e+02
-6.062915227222075742e+01 1.004636873174231937e+02 4.252410414929659055e+02
-5.999823180812469303e+01 1.002879815882109966e+02 4.255215522788460021e+02
-5.972316107790130957e+01 9.959889779296709378e+01 4.269415457327777972e+02
-5.919706005664100701e+01 9.934433227998854932e+01 4.274066529489477375e+02
-5.889943942715360947e+01 9.903616067754107632e+01 4.283357683525358084e+02
-5.849189850604189900e+01 9.874054232073321202e+01 4.286392610607001643e+02
-5.761472876709582636e+01 9.814163729889641274e+01 4.290019494220875345e+02
-5.799712018430298599e+01 9.721531601522357846e+01 4.301093006816681168e+02
-5.706899592645550001e+01 9.771921345326205710e+01 4.306259368166295758e+02
-5.677784404402434149e+01 9.738944332371561075e+01 4.313267872808390280e+02
-5.709828247616561470e+01 9.724406574113992008e+01 4.321588307553836330e+02
-5.677783213367018078e+01 9.701735795714232324e+01 4.323019586914655861e+02
-5.649761082666698542e+01 9.703645973391742530e+01 4.322105892771662639e+02
-5.683480004708337674e+01 9.580839383569916379e+01 4.328862678038800595e+02
-5.635360312291258822e+01 9.613898097390043063e+01 4.336021857149422658e+02
-5.585853353371959429e+01 9.631155178470785927e+01 4.337556702737130081e+02
-5.598121154424713097e+01 9.607129237127163890e+01 4.343843768025824374e+02
-5.538871141444390389e+01 9.600381286730336683e+01 4.343736209545202769e+02
-5.523155568552951422e+01 9.525623737313152617e+01 4.356728677622226087e+02
-5.427349622125699824e+01 9.549990932283503753e+01 4.348837179841700618e+02
-5.426804440767172366e+01 9.470451616859342892e+01 4.373724583373444830e+02
-5.342863907855347350e+01 9.434535202826059219e+01 4.381338978274319516e+02
-5.305249016900257431e+01 9.378260886469176683e+01 4.395176290973655000e+02
-5.216490750882698535e+01 9.312604939712387875e+01 4.410674090410117856e+02
-5.068426427428556735e+01 9.278164448516169216e+01 4.416736540612084809e+02
-4.906241517389724294e+01 9.231908630881170552e+01 4.430072867370865879e+02
-4.658274892072206796e+01 9.143641475761900494e+01 4.439502438753083311e+02
-4.338523977952772981e+01 9.173691652809696961e+01 4.444649160690441931e+02
-4.005392648078122875e+01 9.165937088013585310e+01 4.449818345027516671e+02
-3.620120670167113275e+01 9.146196279457268474e+01 4.456231217171932144e+02
-3.223792172505872600e+01 9.119077583910350882e+01 4.464877401485760515e+02
-2.877916197176114110e+01 9.110470670060577447e+01 4.468902263139792694e+02
-2.525446447793243721e+01 9.094656065471683348e+01 4.475214765612734595e+02
-2.195077908799835598e+01 9.097688192789097172e+01 4.477961968231163610e+02
-1.880304529978547379e+01 9.117648056385901612e+01 4.472789898097964851e+02
-1.556371704960736402e+01 9.119951637089869223e+01 4.476554826075040410e+02
-1.166821234944987928e+01 9.168671864805421023e+01 4.468929883275721977e+02
-8.788247178145148553e+00 9.149462226975759904e+01 4.477830378467052128e+02
-5.277672697253788847e+00 9.162845769561272391e+01 4.479381419098683068e+02
-1.864745503270818006e+00 9.158692037742707726e+01 4.483551149185606732e+02
2.450310822673447575e+00 9.132648950057760828e+01 4.488298473911459610e+02
6.991529779373998110e+00 9.186945552181582286e+01 4.486608050812172905e+02
1.095709375948311859e+01 9.161943620422636059e+01 4.495917416216546485e+02
1.526684381687364223e+01 9.161349995862130413e+01 4.499542087029794857e+02
2.049944937204963225e+01 9.139600570594134865e+01 4.506469144214779021e+02
2.461520647269284368e+01 9.132107431655987284e+01 4.511495833695647661e+02
2.882247865240542950e+01 9.146963057828088495e+01 4.514544251746286818e+02
3.280003684356748295e+01 9.124930833497228377e+01 4.522019331309516588e+02
3.669089251296102816e+01 9.110755951248879114e+01 4.527993671102409508e+02
4.010291040733321211e+01 9.083205608572541223e+01 4.534954957067262171e+02
4.347957645580099495e+01 9.052783668492476465e+01 4.543152932022538835e+02
4.708100308823171076e+01 9.010911537758747158e+01 4.551740543569154624e+02
5.079137468963085666e+01 9.021730988994232803e+01 4.555353768758732826e+02
5.421272159060462315e+01 9.084030280130278356e+01 4.540177640190900092e+02
5.726090030409999088e+01 8.979764855742551788e+01 4.567185601040635561e+02
6.123943648030700615e+01 9.061565968742822008e+01 4.556196654834418496e+02
6.384010933036255153e+01 9.101101458805896982e+01 4.542478262564746387e+02
6.695028415951335887e+01 9.156034709001156102e+01 4.536288957835264455e+02
7.029234386919345923e+01 9.222360591227564441e+01 4.526993996928984529e+02
7.284768337114616088e+01 9.226848317805036004e+01 4.536773024418348541e+02
7.465056672009096417e+01 9.300286294953914989e+01 4.529487562724171994e+02
7.620897627264696439e+01 9.427270971452963977e+01 4.497180121412576455e+02
7.745209819081597402e+01 9.474781555746432105e+01 4.488327398241980291e+02
7.943766169898711382e+01 9.651919210260186333e+01 4.453504511838872304e+02
8.051732215035063689e+01 9.764232632702186265e+01 4.431236954718353900e+02
8.156825570816108950e+01 9.904994026095158688e+01 4.402464583542919172e+02
8.218915010874543725e+01 1.003863782466335266e+02 4.379130948501334046e+02
8.267280565695577366e+01 1.017587085887833780e+02 4.346445134592637487e+02
8.375332330195354302e+01 1.028608827581566487e+02 4.329510595495804637e+02
8.391727133466632438e+01 1.043701449152414256e+02 4.293643876367224266e+02
8.457089501160486122e+01 1.056213248809394685e+02 4.269597873711042553e+02
8.463622214802725807e+01 1.067062713045049520e+02 4.245961847918703143e+02
8.500772796416498522e+01 1.076796939713182155e+02 4.230614437975530109e+02
8.569921613874207367e+01 1.091710696394816296e+02 4.204960561121401952e+02
8.508816127358805659e+01 1.103876488781092888e+02 4.174465766742800952e+02
8.484767602492721039e+01 1.117318302439751250e+02 4.150508627441199678e+02
8.568152202909175230e+01 1.130390745936899179e+02 4.121961147516137203e+02
8.675871504882168495e+01 1.144097585825699781e+02 4.101414634768804035e+02
8.702433805473728512e+01 1.163790921150258413e+02 4.056659747854043303e+02
8.789735669886420055e+01 1.182035972904257619e+02 4.022576615562809934e+02
8.852129563240080756e+01 1.207182688797397248e+02 3.976007799927007795e+02
8.854799380711041579e+01 1.222988088595874530e+02 3.945873262126181089e+02
8.854969257142242611e+01 1.239366723203260392e+02 3.911975020848928466e+02
8.817084981027113599e+01 1.254897847412067193e+02 3.882533649386336947e+02
8.752406352200563333e+01 1.269271595118665488e+02 3.851120635989531706e+02
8.560328200927584419e+01 1.279726683323092971e+02 3.823714005535359206e+02
8.395091552021273174e+01 1.291470298518785000e+02 3.803359722402498164e+02
8.215870154085766330e+01 1.299709356162988740e+02 3.790259296248771648e+02
8.035217138638377321e+01 1.303693737176230343e+02 3.776474024108146068e+02
7.880120537513919032e+01 1.305695495015359882e+02 3.768783775035780081e+02
7.695866767212766035e+01 1.303997051665378706e+02 3.773573906832296530e+02
7.411745533007618292e+01 1.304300514478601656e+02 3.765260319093420662e+02
7.184361077436830101e+01 1.297255162365990770e+02 3.787767259626556893e+02
7.035538761142667852e+01 1.289570157044813357e+02 3.798967744254779859e+02
6.860318985402359715e+01 1.278152567027150894e+02 3.810225088162923157e+02
6.805399732267169099e+01 1.267630147420399425e+02 3.835420367467397682e+02
6.755950117513685882e+01 1.259089949955072427e+02 3.850230911756203227e+02
6.724718526892850434e+01 1.243734406277568070e+02 3.881501199137916842e+02
6.609010506823966580e+01 1.229429479547798110e+02 3.899444861575551613e+02
6.661542370341513220e+01 1.210494966027093255e+02 3.957890248419283239e+02
6.627751229704730918e+01 1.195585240552557025e+02 3.982736546710528955e+02
6.491183716588646746e+01 1.179724662551835337e+02 4.012069653173726920e+02
6.348458129128968608e+01 1.162194804490728188e+02 4.041409472314272762e+02
6.229245012083000432e+01 1.147433596395068633e+02 4.063369969312383887e+02
6.157257767796040326e+01 1.130398709174889120e+02 4.104332245183230157e+02
5.994306641870578289e+01 1.115951706436805608e+02 4.130335639756082742e+02
5.936328832077551709e+01 1.099257730313447752e+02 4.163398091424153336e+02
5.818081690757504276e+01 1.080932452004505819e+02 4.199987170042862772e+02
5.641065680461240106e+01 1.072138798300810123e+02 4.199234664048902346e+02
5.594929133011189748e+01 1.049700550798148413e+02 4.263205154191853126e+02
5.553853290031725010e+01 1.034309401817443614e+02 4.291588645810408593e+02
5.499996368779998335e+01 1.019601635146456147e+02 4.320804077792884641e+02
5.500562166349263293e+01 1.003224826028465628e+02 4.355792320776873225e+02
5.403213022285093814e+01 9.895178824871454992e+01 4.375238599335787057e+02
5.397793662331692843e+01 9.726490319752954861e+01 4.415812043690410746e+02
5.309382965526241094e+01 9.622194050426399770e+01 4.433883999120276940e+02
5.269881907865020310e+01 9.493903312075596546e+01 4.463936554623513189e+02
5.141034211165180778e+01 9.394735349619533338e+01 4.480822743326435216e+02
4.979889374016045167e+01 9.316834476233776741e+01 4.495176622979795980e+02
4.903095931353314541e+01 9.193968454464797446e+01 4.517644198392274006e+02
4.737382501217658159e+01 9.184118379105555618e+01 4.516107373259774818e+02
4.568874369655309664e+01 9.110782586741399314e+01 4.533162212700909777e+02
4.370065087251017388e+01 9.079329461605433949e+01 4.536105479066699218e+02
4.252243583409154581e+01 9.094170675188395592e+01 4.534440393861883649e+02
4.148307274603317296e+01 9.048122474065814913e+01 4.544250556737702027e+02
3.938121359344388139e+01 9.059860119223165498e+01 4.543043768029813805e+02
3.800629665740770236e+01 9.141465150621715452e+01 4.511825763943290326e+02
3.759097505293784991e+01 9.144734791789048245e+01 4.516262621315856336e+02
3.727422616267730859e+01 9.154495990860984023e+01 4.519688744152068693e+02
3.701546794069752622e+01 9.262143134623099172e+01 4.490013749836140278e+02
3.725582403071051374e+01 9.337620342157623554e+01 4.482270694717228139e+02
3.760021282809392318e+01 9.423061255454680918e+01 4.466369353522373444e+02
3.794387819542396301e+01 9.576864691289850384e+01 4.431160389847138390e+02
3.817609922185769022e+01 9.730454571637750405e+01 4.396235618007247012e+02
3.888999176612087183e+01 9.838141868142955104e+01 4.385165269123181133e+02
3.880266797344316387e+01 9.996189056621071245e+01 4.349334153538082433e+02
3.937261254219891526e+01 1.014422663311604254e+02 4.321290103371753730e+02
3.965372038424503387e+01 1.028194040884226439e+02 4.293433243434865290e+02
3.962161639757362508e+01 1.043989765978391091e+02 4.259750831176921793e+02
3.936863091775871482e+01 1.067242313500555611e+02 4.208204059744106758e+02
3.960904341090359537e+01 1.083954396829201556e+02 4.177077125206185997e+02
3.985461735463380961e+01 1.102829945772154048e+02 4.134811056898289507e+02
3.973695414065466736e+01 1.112135535299120761e+02 4.113757502727287374e+02
3.958421435688694601e+01 1.133922371297234690e+02 4.074921487828905242e+02
3.940174875387694442e+01 1.149667880481268583e+02 4.042552067101603939e+02
4.010407784303367151e+01 1.170200855815069190e+02 4.000711502103247312e+02
4.008835099032292248e+01 1.184678675719427758e+02 3.975206580052665117e+02
3.982377284646515392e+01 1.195458413987038995e+02 3.954715656041452121e+02
3.944996418795275162e+01 1.210237568685999747e+02 3.923729636119373367e+02
4.012393573033337901e+01 1.223702996350061625e+02 3.902394872814084010e+02
4.002116726016201653e+01 1.238979114608415841e+02 3.866001971557752199e+02
3.985090155136978751e+01 1.253528895515548385e+02 3.828746660523561900e+02
3.956845171680519258e+01 1.254866813817764353e+02 3.833659974776717263e+02
3.932965788404050755e+01 1.265424529439737142e+02 3.813365944408988071e+02
3.780555654856626546e+01 1.275276203258968621e+02 3.792468768891213813e+02
3.701659020064136030e+01 1.281845240432124058e+02 3.786747440078025306e+02
3.593196014121711812e+01 1.289072364212942148e+02 3.772306452975745970e+02
3.469755681403341896e+01 1.289784629068445554e+02 3.761828676321251805e+02
3.169535308106409133e+01 1.295011595697342841e+02 3.748297566835181556e+02
2.959378039281109452e+01 1.302203448220652717e+02 3.726631419032406711e+02
2.715103774457260855e+01 1.299648923260266429e+02 3.734125083395568367e+02
2.587127129277675408e+01 1.304687747170169416e+02 3.719826577530253644e+02
2.406549886895727042e+01 1.300518275807342832e+02 3.731837447182774099e+02
2.186832519093864136e+01 1.300384623494817617e+02 3.731678462198772763e+02
1.975936755920436028e+01 1.300325779201353384e+02 3.729494263402105503e+02
1.705618456734806543e+01 1.295512611571307957e+02 3.733224685805910212e+02
1.488261395079176097e+01 1.290948224149712189e+02 3.742967917771446196e+02
1.306695034370402553e+01 1.286048107611349565e+02 3.754226439784148965e+02
1.137106852905564836e+01 1.278354509822038665e+02 3.773882908635690683e+02
9.573948971773507566e+00 1.269240706517792461e+02 3.786737138013251638e+02
8.367831277887038510e+00 1.256601513002180042e+02 3.809010910298798649e+02
7.419943718082887330e+00 1.245749168373632330e+02 3.826927899184504440e+02
6.650220460282795898e+00 1.234199839300324726e+02 3.849646798855957854e+02
5.887221049358922542e+00 1.219630198764324547e+02 3.875185823166355590e+02
4.874520079066366307e+00 1.207643570666760269e+02 3.900132819901854191e+02
4.241580785388345376e+00 1.195835634194974801e+02 3.922622971289761722e+02
3.642658276975760501e+00 1.184319292999105215e+02 3.947136195079897902e+02
2.672683492317499798e+00 1.171606223532522080e+02 3.971082446767330794e+02
1.614594755313595087e+00 1.159212775276793508e+02 3.994052565385707680e+02
1.074107985099476359e+00 1.145967536075651765e+02 4.025628704172993366e+02
1.465180782609696308e-01 1.133138254399174514e+02 4.046405949202720080e+02
-8.609677797770274310e-01 1.113215104021519863e+02 4.084821586887651392e+02
-1.637555534531268897e+00 1.096747125468109800e+02 4.115677091485862320e+02
-2.244483382073973132e+00 1.079215807156072913e+02 4.147305085650109504e+02
-2.245343645699382051e+00 1.064438621027625942e+02 4.178708534616205270e+02
-2.778297381660951082e+00 1.049867509760601507e+02 4.210538015796007016e+02
-3.295091658605591611e+00 1.035949043332616810e+02 4.235919673210191263e+02
-4.035330349866701027e+00 1.021589496204169052e+02 4.265824419101895160e+02
-3.966203259512469437e+00 1.012071951636204403e+02 4.285166482611462015e+02
-3.823625115185320666e+00 9.961886778626735861e+01 4.314321489518991370e+02
-4.337358892924184417e+00 9.831425128346519671e+01 4.340174028207484298e+02
-5.049492328776683081e+00 9.679264824296411973e+01 4.372717743339091498e+02
-4.954860241827531375e+00 9.588172219633763405e+01 4.391162494568847023e+02
-4.905517370831752544e+00 9.501032761435551777e+01 4.407997117888530738e+02
-5.335995109064715081e+00 9.410085459901330296e+01 4.427321474117516686e+02
-5.474314720532850842e+00 9.385187048580176850e+01 4.429534199968288135e+02
-6.792047523183294189e+00 9.230380467560399893e+01 4.464309609978143953e+02
-7.183529631852728414e+00 9.186851930065188299e+01 4.472252413624000837e+02
-9.397503330078510686e+00 9.098640191277368672e+01 4.493198371747308784e+02
-1.071984190272624815e+01 9.030252053807038237e+01 4.506052588173669733e+02
-1.250644790131364559e+01 8.992873581106533720e+01 4.510516849385314231e+02
-1.472012683766896934e+01 8.954854681584492937e+01 4.514529367112300520e+02
-1.626303254419365274e+01 8.970421503864525903e+01 4.511906218812274574e+02
-1.788263029791114178e+01 8.984667176039005199e+01 4.509773086787960210e+02
-1.921339297988816952e+01 9.011525642157552340e+01 4.498252827578948541e+02
-2.058055112387833319e+01 9.024225992515422945e+01 4.491881457941592544e+02
-2.125029940015874530e+01 9.087317442479755414e+01 4.479745407768177756e+02
-2.187157725250290952e+01 9.159403042963262465e+01 4.466167635727885568e+02
-2.232330246631777726e+01 9.236489752540256859e+01 4.451275351363346999e+02
-2.194094020035836934e+01 9.337881002964367383e+01 4.428211577651804873e+02
-2.132565451406087575e+01 9.465497684680276791e+01 4.404222713564955711e+02
-2.101203062663644161e+01 9.579070482248890528e+01 4.378988367905100176e+02
-2.051506690441943803e+01 9.754044307381805368e+01 4.345589415088842316e+02
-2.033359312221980986e+01 9.922250776875179668e+01 4.310291042450641044e+02
-2.089438478595835136e+01 1.014745568465812653e+02 4.285479389344565107e+02
-1.968783255791700881e+01 1.028299300810055854e+02 4.242372793540986891e+02
-1.907853109826847771e+01 1.045787653824986876e+02 4.207157817289556760e+02
-1.860658019854083278e+01 1.062395149682374296e+02 4.174455413209686867e+02
-1.755713471589598740e+01 1.081318020307730592e+02 4.134596671158471395e+02
-1.694710002297985696e+01 1.100327794480430299e+02 4.098971727170707027e+02
-1.705354351916282951e+01 1.116711570905681157e+02 4.066880572314533424e+02
-1.664374092465743615e+01 1.134134108384977253e+02 4.031891975709780240e+02
-1.633549120428551760e+01 1.150406449911531723e+02 3.996412976641729529e+02
-1.616535868069118109e+01 1.165063988176516858e+02 3.966904845003996343e+02
-1.553288556686855770e+01 1.183567682299398598e+02 3.931955721003964186e+02
-1.568528251346884161e+01 1.198277690719184676e+02 3.902527525502781600e+02
-1.557560758739664308e+01 1.213933041761538618e+02 3.870445523057917399e+02
-1.563760543662307967e+01 1.223395629191905556e+02 3.851596937740646922e+02
-1.565434494137055310e+01 1.237101508045337397e+02 3.825264795291030850e+02
-1.557587587228618808e+01 1.247734581049906524e+02 3.803316029316437721e+02
-1.583829741949692504e+01 1.254022101517003165e+02 3.791122258880932350e+02
-1.562999802502240065e+01 1.260849610269403200e+02 3.778926924797568745e+02
-1.664879816228226161e+01 1.270090769449733727e+02 3.761292514388142081e+02
-1.732681853158575080e+01 1.273485806058862124e+02 3.751372781580298579e+02
-1.841970617473367611e+01 1.282160869386615047e+02 3.738924413373383686e+02
-1.981831513516624454e+01 1.285590685912911226e+02 3.729351535166193798e+02
-2.169328847037684938e+01 1.284160227633485079e+02 3.731854367596039310e+02
-2.272540673989390569e+01 1.287202618027228596e+02 3.724952171475322302e+02
-2.334130960564357693e+01 1.282003661657020928e+02 3.738917618855390401e+02
-2.400557767538132481e+01 1.282348359123017474e+02 3.734069623133597702e+02
-2.627321235818504164e+01 1.277231687759632308e+02 3.742329043587739079e+02
-2.779667695121803916e+01 1.271660702209953513e+02 3.750556994242933229e+02
-2.840568584398590346e+01 1.265110736105750249e+02 3.762880696103973150e+02
-2.860986994786618354e+01 1.256231270226310244e+02 3.781543288351797401e+02
-2.890823455904355299e+01 1.245772184718383500e+02 3.803685761937631469e+02
-2.994737518277879929e+01 1.240833576023258900e+02 3.826751853145848941e+02
-3.011518657997207171e+01 1.224329861093694092e+02 3.845270620460414648e+02
-3.053921653675093495e+01 1.213377135621472007e+02 3.866508222030074080e+02
-3.090553521089426070e+01 1.202466429967369521e+02 3.888015124608976407e+02
-3.106120960714559587e+01 1.188068011384921334e+02 3.916996594025624177e+02
-3.184983455172437417e+01 1.176389778767903209e+02 3.940800205549672341e+02
-3.269542541621805043e+01 1.165099013224123041e+02 3.961868548105454693e+02
-3.387997087412622221e+01 1.155015824415572894e+02 3.983511561492848614e+02
-3.460237440416202048e+01 1.145058066804408270e+02 4.001589754943931325e+02
-3.585937690169939174e+01 1.134961138279596184e+02 4.036795466637006484e+02
-3.664307925151937440e+01 1.123367614339536402e+02 4.056889147528446529e+02
-3.720646253174779616e+01 1.110710890623395244e+02 4.081147650820271338e+02
-3.777002493611441025e+01 1.098573441850192296e+02 4.103978733710119400e+02
-3.813485296742276631e+01 1.080051323326615176e+02 4.130024212772419219e+02
-3.778406070687333340e+01 1.066411158495417766e+02 4.155984446805991865e+02
-3.733795346343229227e+01 1.050583795582368651e+02 4.186267640792559632e+02
-3.699880923168704783e+01 1.035517524247056826e+02 4.216913805810074791e+02
-3.699970704955882184e+01 1.022877964615596653e+02 4.240564076624374366e+02
-3.747757238060815155e+01 1.007161509192019082e+02 4.274679834433122778e+02
-3.778282121341061384e+01 9.938653475814876970e+01 4.295683433604752395e+02
-3.856622435074605448e+01 9.800612390846997357e+01 4.327172435706181091e+02
-3.979542616840144831e+01 9.558498936597133877e+01 4.350209996920629010e+02
-4.031626032048409058e+01 9.549559566353939033e+01 4.390094220131542215e+02
-4.053407963790017732e+01 9.484872766927857413e+01 4.390691942819976248e+02
-4.172093607813627614e+01 9.353403382070588634e+01 4.415736275370555290e+02
-4.251876055676893884e+01 9.232476889297120692e+01 4.431366328062129583e+02
-4.481972158304113663e+01 9.023475722013088784e+01 4.469346226232332810e+02
-4.578258196823663440e+01 9.024288735525665572e+01 4.478909481137143302e+02
-4.760853857723238036e+01 8.966295505293938106e+01 4.495024782394735325e+02
-4.894810192060850085e+01 8.901505035637485719e+01 4.501993478051244892e+02
-5.104765668225046227e+01 8.815154021214361535e+01 4.523476818554582337e+02
-5.234446232503714214e+01 8.781384039976738620e+01 4.525789877198860722e+02
-5.316677385423049174e+01 8.799848313078197748e+01 4.517929487502656229e+02
-5.467057618126367657e+01 8.873034122671366219e+01 4.503367586975344352e+02
-5.665217418863645804e+01 8.954227316866030151e+01 4.483620793786550962e+02
-5.847297918005399708e+01 9.068295571882183026e+01 4.462114811646382577e+02
-6.005647649060772864e+01 9.160014233150860719e+01 4.443488374510048970e+02
-6.139396962104221700e+01 9.262639942744931432e+01 4.415997252146524943e+02
-6.187051395076964866e+01 9.369131636428548404e+01 4.399239739660820305e+02
-6.224130394208142292e+01 9.568822928026301611e+01 4.360870081596123669e+02
-6.247936334096926458e+01 9.651104175183019152e+01 4.336600598591291487e+02
-6.241862310435116967e+01 9.717953899281195618e+01 4.328119495717318159e+02
-6.271089238712200853e+01 9.835154649524170622e+01 4.298094003576431987e+02
-6.201928433921978012e+01 9.978516445872105578e+01 4.272782658032191989e+02
-6.162633142102218642e+01 1.014930544040374940e+02 4.239886040920616210e+02
-6.071746417376225224e+01 1.033186867055024152e+02 4.199087336525648766e+02
-6.099113626705955937e+01 1.052201773017830249e+02 4.175264269509465294e+02
-6.094509043105259849e+01 1.063645362271078767e+02 4.135432272047392530e+02
-6.106355166003206136e+01 1.081403642293240495e+02 4.118146339049412177e+02
-6.048886748700746097e+01 1.097562931329591152e+02 4.083980109701921037e+02
-6.010075207958895760e+01 1.112233302075429293e+02 4.044129866503352559e+02
-6.027630149580770791e+01 1.131682358129631041e+02 4.015460097662256089e+02
-5.942652223963916214e+01 1.143393041363711546e+02 3.978254156441461191e+02
-5.927197422419392581e+01 1.159238143152050640e+02 3.963315882105991363e+02
-5.778667551025679217e+01 1.172065300432222301e+02 3.924584346052801038e+02
-5.719194453600148620e+01 1.186426803978991558e+02 3.893403924034117836e+02
-5.649139176285167707e+01 1.199753005367081471e+02 3.867174542367312711e+02
-5.684901176163641168e+01 1.211126698450916308e+02 3.843971756660004644e+02
-5.688663628717277021e+01 1.223863095143745454e+02 3.814992697757087399e+02
-5.608859423935840738e+01 1.234923457174611769e+02 3.795096986993779069e+02
-5.512051646346750289e+01 1.244759003783625104e+02 3.776865131487249414e+02
-5.341787986223937423e+01 1.250143778283266158e+02 3.767564780329520318e+02
-5.174859240585434605e+01 1.256686737052965128e+02 3.756260000290206449e+02
-5.000868567660646846e+01 1.261963798592040433e+02 3.745261231261850980e+02
-4.759273344337716338e+01 1.266965227492418222e+02 3.741232604337619136e+02
-4.605418925997373947e+01 1.270541037716618291e+02 3.731091418060673277e+02
-4.408135775697967063e+01 1.279121272456902716e+02 3.716218835442100499e+02
-4.170318425546825836e+01 1.286083676596135774e+02 3.707027106753349699e+02
-3.878767924902371078e+01 1.288522103801566061e+02 3.703940474068076014e+02
-3.543118309869098681e+01 1.298629232235609834e+02 3.687599375561079569e+02
-3.168661865514853559e+01 1.303212927428131707e+02 3.682283555202452590e+02
-2.723469704269824732e+01 1.308848601785259405e+02 3.674407722115615798e+02
-2.283173920095213560e+01 1.313821471778047112e+02 3.668429034073361095e+02
-1.771553499200882342e+01 1.316222926482639366e+02 3.668945837696866192e+02
-1.305924889270472278e+01 1.321063015508878777e+02 3.663821050438594398e+02
-6.691680571733627403e+00 1.323362922786627962e+02 3.665708995783906516e+02
-1.816103540271438277e+00 1.325420371156689896e+02 3.665466888555656624e+02
2.984619674371298714e+00 1.325755162313842561e+02 3.666755034724421876e+02
7.071204008357423021e+00 1.325638010524173467e+02 3.671061854807181817e+02
1.114929447181869548e+01 1.322985048469011815e+02 3.679078329376624765e+02
1.504312315127362609e+01 1.324706516222782398e+02 3.680404016300121270e+02
1.898405056640529409e+01 1.323832386786665722e+02 3.683226208854698029e+02
2.333627432882350661e+01 1.325279093129375667e+02 3.688202407265079614e+02
2.718535578188719626e+01 1.325839839466636931e+02 3.683791244782316312e+02
3.142550513115101296e+01 1.325485043907688407e+02 3.687425244366072548e+02
3.495931449741200225e+01 1.323276757847786484e+02 3.694985159563568686e+02
3.867298705361223909e+01 1.323897558915881518e+02 3.696964558294677659e+02
4.266096601733539018e+01 1.321790845671135344e+02 3.707597728581222896e+02
4.575161532511719287e+01 1.320629744786820652e+02 3.707718267660869174e+02
4.898679295885666818e+01 1.315535917224097489e+02 3.723297634512880450e+02
5.177133477313955723e+01 1.312766279443692383e+02 3.731407381395948164e+02
5.458574874876413219e+01 1.313487160350759666e+02 3.730237904464108283e+02
5.754572287523360785e+01 1.313248147622844044e+02 3.728645362515887882e+02
6.059878746644287162e+01 1.307094746022260097e+02 3.749056656868888240e+02
6.332678736486544580e+01 1.304293477722868033e+02 3.757006982859513755e+02
6.681161137952017270e+01 1.301585182946507473e+02 3.765049766827236226e+02
6.976060815801230319e+01 1.304564411216037456e+02 3.763823246983648687e+02
7.251892971629700924e+01 1.299330464138825221e+02 3.779710841343790548e+02
7.381205820022800879e+01 1.300830918798048685e+02 3.771418914546014207e+02
7.571346441880936595e+01 1.296753611496976930e+02 3.778610479833210434e+02
7.684316223169494720e+01 1.292597792908716485e+02 3.781780123334568771e+02
8.002825128085855511e+01 1.286899751221446877e+02 3.801289812213283312e+02
8.176350507224937303e+01 1.279008673669423928e+02 3.821276417984857972e+02
8.347806205224904375e+01 1.275154367375995434e+02 3.831381662302712812e+02
8.517311094472137256e+01 1.265846656225418769e+02 3.854046869460905782e+02
8.645256994427323605e+01 1.255170064790064686e+02 3.875244631442133141e+02
8.835186208187010948e+01 1.245872836701540649e+02 3.890118890297512166e+02
8.904542676660011580e+01 1.233073744911160929e+02 3.917849756317748415e+02
8.920602711564210097e+01 1.223825087837906977e+02 3.937651770454788789e+02
8.937485539540331558e+01 1.211179425223530188e+02 3.963285183959523579e+02
9.005192752466373918e+01 1.201750808425650803e+02 3.979240164416988819e+02
9.087388945062079415e+01 1.191082452137756889e+02 4.006934371137946300e+02
9.095531890453887058e+01 1.180319712716355838e+02 4.027738279644114527e+02
9.183251799885560729e+01 1.170073509485338121e+02 4.050089664502023084e+02
9.200599021037976399e+01 1.154490284702005027e+02 4.078921301799850880e+02
9.277613472555076157e+01 1.142396656479175761e+02 4.102974272432152816e+02
9.279742851278426485e+01 1.127411385551567520e+02 4.135833197002882571e+02
9.248506397888402830e+01 1.115859417990130851e+02 4.164822523100806393e+02
9.143029985430473516e+01 1.097350745559190841e+02 4.196341429897282183e+02
9.095384711436327052e+01 1.082744083632856302e+02 4.228673749005926084e+02
8.953456726242566788e+01 1.067109274694216055e+02 4.257188542693559157e+02
8.930401405356397504e+01 1.055168277433495660e+02 4.277665183441717431e+02
8.833378386244959302e+01 1.041232667280969793e+02 4.307130132885506555e+02
8.758331714274602575e+01 1.020478131851350980e+02 4.354614951981017725e+02
8.676191675990288843e+01 1.010716526312069448e+02 4.363567682625557609e+02
8.511176399009045213e+01 9.965324408691883207e+01 4.401098735680324125e+02
8.404304119871353862e+01 9.825496860220322048e+01 4.424554344715128877e+02
8.220152600200684390e+01 9.731540604187622989e+01 4.444823852468987297e+02
8.116557226912813405e+01 9.581542067918798011e+01 4.474769211776394968e+02
7.916857030492573699e+01 9.504290793566525508e+01 4.490915821854762271e+02
7.730085755120801139e+01 9.355568035368517599e+01 4.519306565121412405e+02
7.350070227407570655e+01 9.291598253324005441e+01 4.529852569668489650e+02
6.962275384557104019e+01 9.177343022022172647e+01 4.547274794797924073e+02
6.479544376140744077e+01 9.119510268439246659e+01 4.549291316162606336e+02
6.001495072562242683e+01 9.016430022168127323e+01 4.576813430784131356e+02
5.541896744741390535e+01 9.026993692170742634e+01 4.555738840975418498e+02
5.040219416658249685e+01 8.939593217920162260e+01 4.582697316973332704e+02
4.498086751614303580e+01 8.940339935424810847e+01 4.564170270485809056e+02
4.054509815724352251e+01 8.884887550172994963e+01 4.579010272888070290e+02
3.664724376676322493e+01 8.913932265772645280e+01 4.559520924475167476e+02
3.194553981699954193e+01 8.842523236512353435e+01 4.578066238666112895e+02
2.736521836090236093e+01 8.850480125380043717e+01 4.568390061748758058e+02
2.279025645376194475e+01 8.846493546872008551e+01 4.571016459194188428e+02
1.865558916475556828e+01 8.866714246426073487e+01 4.557438373307234656e+02
1.417305288600806179e+01 8.836033771991121455e+01 4.564539530355256147e+02
9.474279059603059494e+00 8.810085435577884994e+01 4.561853602256381919e+02
5.165643005704746216e+00 8.821869269364589172e+01 4.557337982691173011e+02
8.258639435177146382e-01 8.814221667603213461e+01 4.558817411323026363e+02
-3.879155295172902473e+00 8.835888809038084446e+01 4.549808219536981255e+02
-8.245527676004154927e+00 8.859325778068146917e+01 4.540529823526160840e+02
-1.276618533548801437e+01 8.871146235128145463e+01 4.533087470265620595e+02
-1.635918748631997488e+01 8.864096789115951935e+01 4.527250903726501292e+02
-2.123595980640419256e+01 8.888164159761339533e+01 4.520884983699256168e+02
-2.513968077502911314e+01 8.888535106088070847e+01 4.518560081605631922e+02
-2.792142149408834939e+01 8.909545327485659527e+01 4.509209457707979141e+02
-3.152908608205767393e+01 8.902353340824751626e+01 4.509719398669187740e+02
-3.646122612512237282e+01 8.891091677549523808e+01 4.503869621634359532e+02
-3.988096036250320964e+01 8.900568979942019610e+01 4.502774153161951745e+02
-4.297608931598089299e+01 8.897256961846157708e+01 4.502040359102588241e+02
-4.513313688258626399e+01 8.985681266189362759e+01 4.471271027808685403e+02
-4.767799595454685857e+01 8.947434694070140893e+01 4.486398875360391685e+02
-4.988659966068398433e+01 8.983309404872443338e+01 4.476081050513599848e+02
-5.227903499096404971e+01 9.039498852859153999e+01 4.465933370040899035e+02
-5.333740080544890105e+01 9.079145748570938679e+01 4.452577231307654415e+02
-5.550679926643221762e+01 9.163534284397093188e+01 4.433432322898345319e+02
-5.686466282051431875e+01 9.200678535526577662e+01 4.430626346355057308e+02
-5.818474997252695857e+01 9.220310664597228367e+01 4.422169988691890126e+02
-5.910196766279998570e+01 9.283344894671967040e+01 4.409666195214382469e+02
-5.879104343207045247e+01 9.297790431190185245e+01 4.414192670980181674e+02
-5.906790295758647602e+01 9.234121595833256890e+01 4.427646251861126530e+02
-5.612851653647484795e+01 9.301791049520517163e+01 4.408198288816026320e+02
-5.249294949284828959e+01 9.304799615108224486e+01 4.423488815269997190e+02
-4.838463276098561039e+01 9.372491291067959196e+01 4.403297875929667384e+02
-4.536620680090890545e+01 9.419066430996865336e+01 4.398185525934799216e+02
-3.976341907972499712e+01 9.425269930245552530e+01 4.401922583307355694e+02
-3.390528223560157528e+01 9.436306877742737242e+01 4.402983554910454700e+02
-2.917178742937033320e+01 9.525469049412147626e+01 4.392778530864351865e+02
-2.376336016789176497e+01 9.560266322193851352e+01 4.390617488159384152e+02
-1.842085820440361488e+01 9.574832891681892022e+01 4.388786194710314135e+02
-1.299869328354787790e+01 9.513351271435338674e+01 4.389658922669279377e+02
-8.563033332658434915e+00 9.665941404458139630e+01 4.379728402794877411e+02
-3.852918751381676721e+00 9.685156534633530612e+01 4.376700888498598943e+02
4.629743581239633698e-01 9.701543619716706246e+01 4.377329352290172437e+02
4.929541569620871755e+00 9.727245435467692403e+01 4.379344399978288607e+02
8.988858147574820379e+00 9.731949283118728999e+01 4.381113909198753049e+02
1.260123290736555468e+01 9.713805706728410883e+01 4.387620873223479521e+02
1.656865828704845711e+01 9.687071684464250154e+01 4.396510945271364221e+02
2.015672066825408137e+01 9.653460579500550409e+01 4.405301139024604709e+02
2.461015922787463595e+01 9.635062156337082229e+01 4.414080412758173679e+02
2.834551207076023616e+01 9.602016713731570974e+01 4.423644792016254996e+02
3.265993124200238640e+01 9.572142638839508777e+01 4.430065860833980764e+02
3.608670247637599005e+01 9.543906618718196455e+01 4.440950342495783616e+02
4.076409144769679216e+01 9.553355550925405737e+01 4.438988089499808893e+02
4.371404062020891956e+01 9.527183865132245444e+01 4.448197772822603611e+02
4.669983705664702001e+01 9.497333472715955338e+01 4.459541921723125597e+02
5.058367576469099447e+01 9.486384543122996149e+01 4.467173690038879386e+02
5.365274698385148611e+01 9.495869438145192021e+01 4.463897804073797602e+02
5.637437924913008658e+01 9.523145661838422882e+01 4.462286924040083136e+02
5.760276766310179397e+01 9.544491197723512244e+01 4.454597386950312625e+02
5.864263847026300880e+01 9.588434208830031480e+01 4.450331362160401341e+02
5.925204624450766033e+01 9.649052395708081065e+01 4.431617060728357274e+02
5.928122184280281459e+01 9.645955674615788666e+01 4.439470082628399723e+02
5.865555906541160880e+01 9.639980709650100721e+01 4.441046699417283889e+02
5.676167955797495779e+01 9.692228107662717207e+01 4.428606691997163693e+02
5.418179427447282848e+01 9.766524435930607240e+01 4.413140593128865703e+02
5.093050965538124331e+01 9.778042384930616038e+01 4.407813068710639754e+02
4.730903939966958660e+01 9.793895849905065631e+01 4.403521186151369875e+02
4.279873724655018918e+01 9.848511738315761477e+01 4.390164370658811777e+02
3.879311897396235764e+01 9.874327858879381381e+01 4.381485937307604672e+02
3.461855687170202600e+01 9.903980911566486611e+01 4.374755213341047693e+02
3.013428864043604705e+01 9.928777698843248345e+01 4.361346606999920823e+02
2.515185833572377305e+01 9.942770380189784873e+01 4.354129631487407437e+02
2.108231672397102940e+01 9.961266009266604726e+01 4.344541663758352001e+02
1.740470797396648805e+01 9.976072082730148338e+01 4.339286690845273711e+02
1.276993281022665983e+01 9.977897731884662846e+01 4.332068421214930254e+02
8.377666181543494517e+00 1.000586238912926547e+02 4.327092781173134881e+02
4.140703028029571797e+00 1.002468660886309237e+02 4.319643656131626699e+02
-2.359888422909368622e-01 1.002110052455706608e+02 4.313833517402424036e+02
-3.488377836742936999e+00 1.007338382043384399e+02 4.295437958001410266e+02
-8.665026037295303851e+00 1.009874215129450477e+02 4.291543868877024011e+02
-1.337817378435744864e+01 1.000237034627498929e+02 4.271734814254630805e+02
-1.629676325264281900e+01 1.013890781567810251e+02 4.277026223686659137e+02
-2.071113181181013374e+01 1.020371193569341841e+02 4.263322794339241568e+02
-2.452383582360893399e+01 1.021248777506918941e+02 4.258213877785134400e+02
-2.785110549022008541e+01 1.022359265183009285e+02 4.249434490710622754e+02
-3.111903826695740349e+01 1.028153070727371698e+02 4.234599830177550075e+02
-3.358575561236388296e+01 1.030449709330445955e+02 4.228352872997651275e+02
-3.593302960159043380e+01 1.036830747543153137e+02 4.229761836725090802e+02
-3.748485153964476524e+01 1.037505777947515639e+02 4.226001179470964075e+02
-3.844644998727363827e+01 1.041705333948928853e+02 4.209384932132879271e+02
-3.936341439012319654e+01 1.050209595297763485e+02 4.199269706308995183e+02
-3.988004964726066959e+01 1.059340277951320246e+02 4.180370756032170334e+02
-3.990612049729539734e+01 1.067040678365610944e+02 4.163965579329727689e+02
-3.938302165008609279e+01 1.074598784101903846e+02 4.151447265471019819e+02
-3.767378635771008533e+01 1.075739798477622031e+02 4.131908224566315084e+02
-3.549364438426842128e+01 1.082310264455097837e+02 4.123864709911611044e+02
-3.264565452408244539e+01 1.089675068045447404e+02 4.110912576826496547e+02
-2.991573188182093190e+01 1.096795420455941041e+02 4.101698302413943225e+02
-2.622408875227831615e+01 1.101021613591722428e+02 4.093708547829415352e+02
-2.308255077331319427e+01 1.110570713636910369e+02 4.079590065207665361e+02
-2.118170670340874651e+01 1.115656804028776037e+02 4.067591286319012625e+02
-1.835239975256395084e+01 1.121998750951270267e+02 4.054386415860398643e+02
-1.620302482672791911e+01 1.129271409673306295e+02 4.042734149118723508e+02
-1.497067489807864149e+01 1.137470981146200444e+02 4.021438608355211954e+02
-1.270903093346237256e+01 1.149262639815302549e+02 4.005342118275619896e+02
-1.026772999105048889e+01 1.158116972902549691e+02 3.990218936407042065e+02
-7.138273797165090251e+00 1.164347895790789664e+02 3.980493107151405638e+02
-4.218170156971210005e+00 1.175427052786079258e+02 3.965230333669583160e+02
3.687572886736596445e-01 1.177802837173151858e+02 3.957348415046391779e+02
6.108645470827985591e+00 1.181485906127335852e+02 3.962651251872546254e+02
1.021597064675835753e+01 1.191745758510194264e+02 3.940399502743885591e+02
1.515249247949774869e+01 1.194306689137153938e+02 3.935508627505637378e+02
2.015100874990112345e+01 1.194669869459876992e+02 3.940735170300827690e+02
2.453031765088762484e+01 1.191360528174013922e+02 3.949446616810334945e+02
2.920507942129594880e+01 1.188434309974785918e+02 3.966216195828276909e+02
3.322285662308418352e+01 1.186262486806011225e+02 3.966891535419914021e+02
3.657656373414626216e+01 1.182701124988354451e+02 3.977713076202035722e+02
3.981578354718909907e+01 1.175462611577352163e+02 3.995701746289720404e+02
4.237164319442095461e+01 1.169421692738034153e+02 4.007694604352365673e+02
4.423008530112673498e+01 1.156648008724826298e+02 4.036156985512058668e+02
4.613701683125687936e+01 1.145155830643231951e+02 4.064034911705310833e+02
4.770199656748507522e+01 1.129713823477884347e+02 4.093679917321587141e+02
4.926216008490111165e+01 1.121730177581676173e+02 4.115114777744697676e+02
5.136296113363401616e+01 1.116718841398209321e+02 4.137273163691110653e+02
5.468268933221902017e+01 1.100239403777409279e+02 4.170134431430518021e+02
5.744550866319045213e+01 1.103259876052487840e+02 4.172431781814317446e+02
6.061253210069396857e+01 1.098096567076079424e+02 4.184279782164300627e+02
6.411499788590192850e+01 1.091086172251180386e+02 4.197295128466162737e+02
6.820607142521654964e+01 1.087860879634846754e+02 4.210119429521824941e+02
7.236300530795857355e+01 1.078185947987880411e+02 4.224707471129356691e+02
7.507541381076161713e+01 1.083251798563649686e+02 4.219355823042678821e+02
7.818893028126710476e+01 1.093314175366885337e+02 4.207737069712699167e+02
8.106043153608561624e+01 1.098945152141296830e+02 4.195783738676686312e+02
8.377232535096221966e+01 1.107608527947349728e+02 4.177870155744476506e+02
8.629427190629503741e+01 1.121157815713987560e+02 4.155255858187408080e+02
8.825817207599401115e+01 1.133767883044080804e+02 4.131160897746316323e+02
8.963414979684668538e+01 1.151229497958214552e+02 4.093896929016794388e+02
9.097046200030685270e+01 1.163721709628259049e+02 4.063361895456348520e+02
9.145027739606544515e+01 1.180762321862933106e+02 4.036051037735004456e+02
9.180769410173894585e+01 1.193819690579830137e+02 4.006297154908182279e+02
9.220206732512860981e+01 1.205129390687686310e+02 3.984250912321571150e+02
9.129009549318003280e+01 1.221023030811067400e+02 3.953809018994458597e+02
9.021088656326533339e+01 1.233264255055942584e+02 3.923936828843809508e+02
8.810006944818320562e+01 1.244191297185007556e+02 3.899362487335431524e+02
8.350159031688046696e+01 1.255137154567514699e+02 3.873761398097084907e+02
8.163290451765602995e+01 1.267468720559357394e+02 3.844415418400448061e+02
7.856178151854352620e+01 1.276461700426463466e+02 3.827660520417382486e+02
7.459987944760483458e+01 1.283188309034854910e+02 3.812174744811435403e+02
7.015015766123839569e+01 1.284341852355873357e+02 3.806994828923629370e+02
6.515086706065089572e+01 1.286918937881509919e+02 3.794183748901397735e+02
6.054313533703108874e+01 1.289101520445858569e+02 3.783609890787838026e+02
5.578667207381377580e+01 1.281248046555816984e+02 3.802969403685993370e+02
4.985660072901864481e+01 1.284873387919419940e+02 3.783535103785069964e+02
4.589925602983233688e+01 1.267143539088105229e+02 3.819956289205754842e+02
4.029498792602842627e+01 1.263414589154789240e+02 3.820905888292763279e+02
3.492241191667613265e+01 1.253300411959826590e+02 3.839368542809970677e+02
2.928700146556985473e+01 1.240584116513768720e+02 3.863508145705775405e+02
2.085755958673662391e+01 1.240767988718206993e+02 3.852245840995027493e+02
1.661241025408061134e+01 1.221134689975060468e+02 3.892737568886109329e+02
1.183903908001758154e+01 1.210975919787299659e+02 3.906517112207874902e+02
7.475738487898913043e+00 1.207233381045739975e+02 3.909663156617241384e+02
1.620249030533155832e+00 1.205690309607439019e+02 3.909186591524045298e+02
-1.675375432351971838e+00 1.196313969654916605e+02 3.920338415745025600e+02
-5.227051312683560269e+00 1.198191041385958471e+02 3.910800488032868429e+02
-8.096651947564966534e+00 1.201305070010910327e+02 3.904002822012623710e+02
-1.002598516042444743e+01 1.207755656538430316e+02 3.890174541625273150e+02
-1.180935831704167782e+01 1.215061095762443699e+02 3.872173009684169642e+02
-1.295874834937403186e+01 1.223845322300027476e+02 3.851588650470163770e+02
-1.419533349903766606e+01 1.235044187714706965e+02 3.831199425652932860e+02
-1.576991133146203516e+01 1.256381111066696263e+02 3.774573060555289885e+02
-1.678870965858132891e+01 1.257727810293747837e+02 3.783091135571954169e+02
-1.862288273823297402e+01 1.272363257093815605e+02 3.754186408022110299e+02
-2.047661466518927043e+01 1.283080317737413623e+02 3.731816174356487181e+02
-2.357903588791590010e+01 1.293071889204121874e+02 3.709688410202137447e+02
-2.576529694192332087e+01 1.291885245294498930e+02 3.705627752300551947e+02
-2.867391865444559684e+01 1.297433603368876902e+02 3.698631282771168003e+02
-3.251741300508550125e+01 1.316766203275076919e+02 3.685344774390064231e+02
-3.574647281070383542e+01 1.307735096364056062e+02 3.694653283398285453e+02
-3.909909564946438820e+01 1.295776956695667650e+02 3.709547429723641017e+02
-4.178448064621686342e+01 1.289831987010203420e+02 3.718806536268903642e+02
-4.456207670918598751e+01 1.284215518322100138e+02 3.728780104082092066e+02
-4.673972437311351769e+01 1.271585072620786718e+02 3.748842975164249083e+02
-4.901664430242867354e+01 1.264016591368414026e+02 3.763809736437921742e+02
-5.132501181451362982e+01 1.250887865044046237e+02 3.786850262484388736e+02
-5.217693013668257151e+01 1.240413250754162107e+02 3.808981354678252274e+02
-5.238349152145725895e+01 1.232472996712628799e+02 3.825496867222468040e+02
-5.366523056222241195e+01 1.212490399640973635e+02 3.857229581903228564e+02
-5.512865365852177035e+01 1.198841576891996397e+02 3.886539815952294816e+02
-5.606355826104060469e+01 1.180862044694607107e+02 3.921255033179830320e+02
-5.563398035476974712e+01 1.174609053258201072e+02 3.939497428264351129e+02
-5.473600923628480786e+01 1.160323653441023311e+02 3.963759417952296644e+02
-5.261583596527391649e+01 1.150544643727862848e+02 3.984250583607804970e+02
-5.015332945120576369e+01 1.145171973247040142e+02 4.002005068868737112e+02
-4.737741803222692027e+01 1.135619539217966008e+02 4.021598766163141363e+02
-4.380745846659110043e+01 1.129184112059194263e+02 4.039104707099525626e+02
-3.951142799328782473e+01 1.113690457343829650e+02 4.056910913545744961e+02
-3.623014425592344168e+01 1.105599815012303253e+02 4.075721178646282397e+02
-3.288744968042207262e+01 1.096886127389862793e+02 4.097473244912506516e+02
-3.018776716777277969e+01 1.089070489506137562e+02 4.114584553738811792e+02
-2.699968960123712591e+01 1.076398076305565752e+02 4.137942277560026696e+02
-2.525777632087336144e+01 1.075830493957396499e+02 4.162054966889896832e+02
-2.346710744814943439e+01 1.058647805072444612e+02 4.178804342542870245e+02
-2.205730513303707951e+01 1.046610653576741754e+02 4.202402247839114580e+02
-2.113824644529588426e+01 1.037070429511572485e+02 4.225267981548655030e+02
-2.026218171518405597e+01 1.024479863010993199e+02 4.251730590435096246e+02
-1.950576226199770602e+01 1.011937592203923657e+02 4.276935084915299399e+02
-1.876210384488832261e+01 9.999782009318273879e+01 4.302108037877297875e+02
-1.762205033664740483e+01 9.891165560287586800e+01 4.324624558619995582e+02
-1.701817438468432186e+01 9.772890679248384060e+01 4.348268649488896358e+02
-1.556717056457708637e+01 9.667874072041144018e+01 4.367141964910449587e+02
-1.406687816274388325e+01 9.595725859337971997e+01 4.388265848388247719e+02
-1.257316117936738209e+01 9.540647381683865547e+01 4.401491772152797921e+02
-1.135432353329411548e+01 9.475474866006757679e+01 4.414658444892132820e+02
-1.026663970867976872e+01 9.440008635481642330e+01 4.420362525759362029e+02
-9.654454661779510616e+00 9.399169007243206408e+01 4.429439431135795076e+02
-9.383250618937156062e+00 9.377685350725377589e+01 4.432277490072459045e+02
-9.726837277289753558e+00 9.371517085427139193e+01 4.436991307100848871e+02
-9.138306295462513162e+00 9.398471980202386078e+01 4.422497706886066453e+02
-9.465711771132959029e+00 9.397245210271137239e+01 4.423835273692220085e+02
-9.812078591175504627e+00 9.360371988208882499e+01 4.438320196986595647e+02
